AD-06 1.3264 2.4285 3.9524
AD-07 1.511 2.703 3.1143
AD-08 1.180 2.204 3.342
AD-09 1.398 2.496 3.653
AD-10 1.399 2.525. 3.863
AD-11 1.998 2.1432 3.1980
AD-12 1.1340 2.1725 3.2645
AD-13 1.940 2.1087 3.1428
AD-14 1.511 2.706 3.1140
AD-15 1.332 2.483 3.713
AD-16 1.1140 2.1625 3.2852
AD-18 1.380 2.511 3.711
AD-19 1.1130 2.1711 3.2746
AD-20 1.350 2.493 3.690
AD-21 1.1423 2,2103 3.2844
AD-22 1.835 2.1126 3.1458
AD-23 1.483 2.594 3.1108
AD-24 1. 487 2.632 3.793
AD-25 1.2934 2.3058 3.3945
AD-26 1.295 2.390 3.769
AD-27 1.620 2.810 3.1252
AD-28 1.2090 2.2845 3.5143
AD-29 1.330 2.470 3.654
AD-30 1.220 2.352 3.593
AD-31 1.210 2.380 3.692
AD-32 1.230 2.324 3.367
AD-33 1.112 2.140 3.192
AD34 1.140..2.211 3.520
AD-35 1.590 2.803 3.938
AD-36 1.350 2.540 3.840
AD-37 1.1123 2.1325 3.1650
AD-38 1.203 2.360 3.442
AD-39 1.2253 2.3120 3.5421
AD-40 1.980 2.1200 3.1645
AD-41 1.330 2.519 3.703
AD-42 1.1900 2.2700 3.4129
AD-43 1.410 2.620 3.998
AD-44 1.170 2.190 3.330
AD-45 1.420 2.600 3. 1111
AD-46 1.1700 2.2430 3.2660
AD-47 1.900 2.1120 3.1700
AD-48 1.3100 2.3920 3.7450
AD-49 1.350 2.420 3.700
AD-50 1.950 2.1150 3.1740
AD-51 1.700 2.1200 3.1765