AD-06 3264 4285 9524
AD-07 511 703 1143
AD-08 180 204 342
AD-09 398 496 653
AD-10 399 525. 863
AD-11 998 1432 1980
AD-12 1340 1725 2645
AD-13 940 1087 1428
AD-14 511 706 1140
AD-15 332 483 713
AD-16 1140 1625 2852
AD-18 380 511 711
AD-19 1130 1711 2746
AD-20 350 493 690
AD-21 1423 2103 2844
AD-22 835 1126 1458
AD-23 483 594 1108
AD-24 487 632 793
AD-25 2934 3058 3945
AD-26 295 390 769
AD-27 620 810 1252
AD-28 2090 2845 5143
AD-29 330 470 654
AD-30 220 352 593
AD-31 210 380 692
AD-32 230 324 367
AD-33 112 140 192
AD-34 140 211 520
AD-35 590 803 938
AD-36 350 540 840
AD-37 1123 1325 1650
AD-38 203 360 442
AD-39 2253 3120 5421
AD-40 980 1200 1645
AD-41 330 519 703
AD-42 1900 2700 4129
AD-43 410 620 998
AD-44 170 190 330
AD-45 420 600 1111
AD-46 1700 2430 2660
AD-47 900 1120 1700
AD-48 3100 3920 7450
AD-49 350 420 700
AD-50 950 1150 1740
AD-51 700 1200 1765
AD-52 620 930 1600
AD-53 330 460 740
AD-54 2100 2740 5150
AD-55 720 1150 1640
AD-56 2100 2650 4150
AD-57 2145 3140 6125
AD-58 2645 3345 5150
AD-59 325 410 645
AD-60 2750 3145 4435
AD-61 720 890 1450
AD-63 270 340 460
AD-64 440 620 1240
AD-65 730 1150 1650
AD-66 1025 1350 1845
AD-67 710 1145 1625
AD-68 3450 4625 7800
AD-69 980 1300 1995
AD-70 145 224 410
AD-71 380 470 750
AD-72 290 380 540
AD-73 2950 3755 6945
AD-74 145 210 480
AD-75 350 470 650 
AD-76 180 206 352
AD-77 380 490 610 
AD-78 620 940 1450 
AD-79 160 210 290
AD-80 610 820 1140
AD-81 2100 2745 4150
AD-82 1625 1945 2325
AD-83 270 380 545
AD-84 2425 2865 4150
AD-85 600 940 1250